MeshAnim
1
26
56
30
-1 -3.253144E-08 3.240275E-07 0
1.812077E-08 0.9878951 0.1551236 0
-3.251334E-07 0.1551236 -0.9878953 0
7.876381E-05 0.8868901 -0.0549637 1

1 0 -0.0001973988 0
0.0001973988 1.589326E-08 0.9999999 0
3.137311E-12 -0.9999999 1.589326E-08 0
-0.006633638 0 -0.01968863 1

-1 8.525485E-08 3.42392E-07 0
1.366279E-07 0.9882297 0.1529767 0
-3.253081E-07 0.1529767 -0.9882299 0
7.876707E-05 1.062642 -0.02736635 1

-0.9904358 0.1286107 -0.04996105 0
-0.0944744 -0.8960566 -0.4337713 0
-0.1005554 -0.4249019 0.8996357 0
-0.1152057 0.8995089 -0.01283953 1

-0.9977268 -0.03334971 -0.05857084 0
-0.0124432 -0.7629254 0.6463671 0
-0.06624154 0.6456282 0.7607784 0
0.1154808 0.9026 -0.01302372 1

1 -8.742277E-08 -0.0001973988 0
-0.0001973988 7.152951E-08 -0.9999999 0
8.74369E-08 0.9999999 7.151225E-08 0
-0.2044793 0.08519998 -0.1089104 1

1 -8.742276E-08 -0.0001973988 0
-0.0001973987 7.15295E-08 -0.9999997 0
8.743689E-08 0.9999999 7.151225E-08 0
0.1867244 0.08520007 -0.1089876 1

1 -8.742277E-08 -0.0001973988 0
-0.0001973988 7.152951E-08 -0.9999999 0
8.74369E-08 0.9999999 7.151225E-08 0
-0.7905932 1.202964 -0.0273311 1

1 -8.742277E-08 -0.0001973988 0
-0.0001973988 7.152951E-08 -0.9999999 0
8.74369E-08 0.9999999 7.151225E-08 0
0.7753865 1.201693 -0.02456561 1

-1 1.650794E-07 -3.69022E-07 0
1.068347E-07 0.9882904 0.1525838 0
3.899186E-07 0.1525838 -0.9882907 0
7.878849E-05 1.219761 -0.003044564 1

-0.9996245 0.007398781 -0.02638202 0
0.01166985 -0.7561875 -0.6542511 0
-0.02479021 -0.654313 0.7558156 0
-0.1583424 0.4903727 -0.2108979 1

-0.9952638 -0.02741485 -0.09327463 0
0.00720807 -0.9775864 0.2104151 0
-0.09695256 0.2087491 0.9731547 0
0.1097681 0.5523379 0.283726 1

1 6.357302E-08 -0.0001973988 0
0.0001973988 -9.37781E-07 0.9999999 0
6.338791E-08 -0.9999999 -9.377936E-07 0
-0.1694048 0.5660062 0.01532204 1

1 6.357303E-08 -0.0001973988 0
0.0001973987 -9.37781E-07 0.9999997 0
6.338792E-08 -0.9999999 -9.377933E-07 0
0.1503736 0.566006 0.01525893 1

1 -7.105427E-15 -0.0001973988 0
-0.0001973988 3.339599E-07 -0.9999999 0
6.593039E-11 0.9999999 3.339599E-07 0
-0.5254108 1.411105 -0.167545 1

1 4.860979E-22 -0.0001973988 0
-0.0001973988 3.3396E-07 -0.9999999 0
6.59233E-11 0.9999999 3.3396E-07 0
0.5175591 1.411104 -0.1677509 1

0.8804684 -0.3983322 -0.2571136 0
-0.3840018 -0.9172254 0.1060205 0
-0.2780626 0.005384414 -0.9605479 0
-0.2706727 1.425897 -0.05627532 1

0.9414162 0.1460263 0.3039944 0
0.3253627 -0.6304545 -0.7047455 0
0.08874331 0.7623668 -0.6410316 0
0.2585236 1.426349 -0.05628527 1

1 -2.955722E-07 1.012246E-06 0
1.344124E-07 0.9878122 0.1556482 0
-1.045919E-06 -0.1556483 0.9878129 0
7.881923E-05 1.501801 0.04050007 1

-0.9957442 -0.03792889 -0.08399323 0
-0.005229713 -0.8866606 0.4623889 0
-0.09201127 0.460862 0.8826888 0
-0.1526237 0.1198175 -0.5315012 1

-0.9983464 0.0518079 0.02493894 0
0.01674697 -0.1529182 0.988099 0
0.05500448 0.9868817 0.151801 0
0.1133009 0.07319593 0.3868563 1

0.5383943 -0.7409184 -0.4014616 0
0.1195826 -0.4044082 0.9067273 0
-0.8341655 -0.5361843 -0.1291302 0
-0.379717 1.165434 -0.02616888 1

0.9231053 -0.1197298 0.3654339 0
-0.0999254 -0.9923345 -0.07270949 0
0.3713383 0.03060249 -0.9279932 0
0.3560774 1.23732 -0.2675892 1

-0.9999903 -0.004137004 0.00186709 0
-0.004230463 0.9985748 -0.0531875 0
-0.001644393 -0.05319457 -0.9985831 0
7.88318E-05 1.595556 0.05527276 1

0.9957442 0.03793157 0.08399512 0
-0.07994831 -0.09789273 0.9919792 0
0.04584993 -0.9944739 -0.09444489 0
-0.1532997 0.005220129 -0.4717395 1

0.998347 -0.05180093 -0.02493743 0
0.04334965 0.3933738 0.9183599 0
-0.03776194 -0.9179201 0.3949659 0
0.1154654 0.05343184 0.5145635 1

-0.975808 -0.2109935 -0.05728214 0
-0.1418576 0.4116665 0.9002261 0
-0.1663607 0.8865733 -0.4316384 0
-0.3392297 1.028513 0.2808228 1

-0.06550375 -0.2499099 0.9660508 0
0.6544865 -0.741555 -0.1474566 0
0.7532312 0.6226079 0.2121372 0
0.322713 0.905984 -0.2918665 1

-0.5413184 -0.7941509 0.2762227 0
0.0525272 0.2959348 0.9537629 0
-0.8391758 0.5307981 -0.1184804 0
-0.3210051 1.047568 0.3184092 1

0.4700777 0.709764 0.5246548 0
0.4981878 -0.7040482 0.5060879 0
0.7285855 0.02347589 -0.6845527 0
-0.3152295 1.022267 0.3172141 1

-0.9912811 -0.131658 0.005333621 0
-0.0348648 0.3011099 0.9529521 0
-0.1270697 0.9444569 -0.3030747 0
-0.3381971 1.048158 0.3191824 1

-0.9734895 -0.2018961 -0.1075037 0
-0.166366 0.3024271 0.9385415 0
-0.1569758 0.9315446 -0.3279982 0
-0.353212 1.044699 0.3166267 1

-0.9498405 -0.2079156 -0.2336117 0
-0.2813596 0.2420166 0.9285824 0
-0.1365289 0.9477333 -0.2883763 0
-0.3671143 1.039242 0.3125525 1

-0.5095639 -0.28584 -0.8115669 0
0.5069891 -0.8618252 -0.01478495 0
-0.6952031 -0.4189894 0.5840728 0
0.3449827 0.8695459 -0.2750064 1

-0.7627109 0.4362114 -0.477485 0
-0.4955568 -0.8685733 -0.001917194 0
-0.4155672 0.2351582 0.8786381 0
0.3196778 0.8643663 -0.2777927 1

-0.158254 -0.2093742 0.9649447 0
0.5361091 -0.8388875 -0.09409871 0
0.8291823 0.5024239 0.2450048 0
0.3505586 0.8730885 -0.2909083 1

-0.05817251 -0.2998093 0.9522237 0
0.5706459 -0.7926328 -0.2147005 0
0.8191335 0.5308928 0.2171944 0
0.3509093 0.8784468 -0.3054684 1

-0.01394314 -0.4116537 0.9112336 0
0.5444255 -0.7675195 -0.3383999 0
0.8386937 0.4913804 0.2348164 0
0.3487195 0.8846599 -0.3195856 1

-0.9785481 -0.09674089 0.181894 0
0.04684982 -0.9642552 -0.2608003 0
0.2006225 -0.2466838 0.9481021 0
-0.3173478 1.068173 0.3848161 1

0.3715619 0.8086249 0.4561447 0
0.3010973 -0.5697183 0.7646968 0
0.8782273 -0.1467882 -0.4551602 0
-0.2944328 0.9928768 0.3383405 1

-0.9918915 -0.109328 0.06480113 0
0.06292244 -0.8654605 -0.4970097 0
0.1104199 -0.488902 0.8653222 0
-0.3405744 1.068689 0.3841615 1

-0.9700469 -0.2012847 -0.1359931 0
0.2426255 -0.7753081 -0.5831211 0
0.01193679 -0.5986497 0.8009219 0
-0.364824 1.065808 0.3821347 1

-0.887592 -0.1909622 -0.4191826 0
0.4419987 -0.6092848 -0.6583382 0
-0.1296841 -0.7696135 0.6252014 0
-0.3881607 1.057345 0.3820127 1

-0.2527713 -0.2262743 0.9406947 0
-0.9642791 -0.02067473 -0.2640818 0
0.07920311 -0.9738436 -0.2129656 0
0.3802825 0.8095405 -0.2760358 1

-0.8363685 0.3028065 -0.4569427 0
-0.2271598 -0.9500931 -0.2138245 0
-0.4988858 -0.07503731 0.8634135 0
0.298991 0.8281083 -0.2778728 1

-0.1992087 -0.1614898 0.9665594 0
-0.9629908 0.2150036 -0.162551 0
-0.1815638 -0.9631686 -0.1983438 0
0.3871142 0.8158872 -0.2973246 1

-0.04843105 -0.3247485 0.9445594 0
-0.9605824 0.2743201 0.04506127 0
-0.2737455 -0.9051446 -0.3252333 0
0.3907372 0.8231258 -0.3204532 1

0.05508709 -0.5539918 0.8306974 0
-0.8940864 0.3429954 0.2880343 0
-0.4444945 -0.7585821 -0.4764219 0
0.3894436 0.8272479 -0.3448986 1

-0.9901217 -0.1120796 0.08424871 0
-0.06337955 -0.1782167 -0.9819477 0
0.125071 -0.977587 0.1693527 0
-0.3152377 1.024743 0.3730697 1

-0.999137 0.001200292 0.04152378 0
-0.04074595 0.1663315 -0.985228 0
-0.008089378 -0.986069 -0.166139 0
-0.3374572 1.025814 0.3595392 1

-0.9967613 -0.07360984 -0.03239876 0
0.01748111 0.1949173 -0.980664 0
0.07850149 -0.9780536 -0.1929993 0
-0.3539503 1.031061 0.3560011 1

-0.8990586 -0.1550838 -0.409442 0
0.4234936 -0.5453666 -0.7233453 0
-0.111117 -0.8237256 0.5559938 0
-0.3758393 1.04036 0.3636605 1

-0.2640207 -0.2381848 0.9346451 0
-0.9620751 0.1339498 -0.2376335 0
-0.06859534 -0.9619378 -0.2645172 0
0.3368431 0.8086091 -0.2879323 1

-0.2934491 -0.2050015 0.9337354 0
-0.2028657 0.9678445 0.1487346 0
-0.9342023 -0.145777 -0.325601 0
0.3393988 0.8265405 -0.3053789 1

-0.2025851 -0.2682685 0.9418019 0
-0.1964267 0.95333 0.2293002 0
-0.9593626 -0.1385424 -0.2458256 0
0.3476871 0.8354198 -0.3184337 1

0.01631329 -0.5573539 0.8301145 0
-0.8530856 0.4252739 0.3023015 0
-0.5215155 -0.7130903 -0.4685332 0
0.3645199 0.8368093 -0.3368692 1

-1 -3.252962E-08 3.240275E-07 0
1.812077E-08 0.9878951 0.1551236 0
-3.251334E-07 0.1551236 -0.9878953 0
5.292287E-05 0.8936563 -0.054872 1

1 0 -0.0001973988 0
0.0001973988 1.589326E-08 0.9999999 0
3.137311E-12 -0.9999999 1.589326E-08 0
-0.006802214 0.00510832 -0.01993612 1

-1 8.525667E-08 3.42392E-07 0
1.366261E-07 0.9882297 0.1529767 0
-3.253081E-07 0.1529767 -0.9882299 0
5.292613E-05 1.069409 -0.02727464 1

-0.9877421 0.1408661 -0.06724728 0
-0.1001725 -0.902435 -0.4190193 0
-0.1197117 -0.4071459 0.9054826 0
-0.1152316 0.9062751 -0.01274783 1

-0.997093 -0.03740263 -0.06639343 0
-0.01211329 -0.782388 0.6226739 0
-0.07523529 0.6216696 0.7796628 0
0.1154549 0.9093662 -0.01293201 1

1 -8.742277E-08 -0.0001973988 0
-0.0001973988 7.152951E-08 -0.9999999 0
8.74369E-08 0.9999999 7.151225E-08 0
-0.2046479 0.0903083 -0.1091579 1

1 -8.742276E-08 -0.0001973988 0
-0.0001973987 7.15295E-08 -0.9999997 0
8.743689E-08 0.9999999 7.151225E-08 0
0.1865558 0.09030839 -0.1092351 1

1 -8.742277E-08 -0.0001973988 0
-0.0001973988 7.152951E-08 -0.9999999 0
8.74369E-08 0.9999999 7.151225E-08 0
-0.7907618 1.208072 -0.02757858 1

1 -8.742277E-08 -0.0001973988 0
-0.0001973988 7.152951E-08 -0.9999999 0
8.74369E-08 0.9999999 7.151225E-08 0
0.7752179 1.206801 -0.02481311 1

-1 1.650812E-07 -3.69022E-07 0
1.068329E-07 0.9882904 0.1525838 0
3.899186E-07 0.1525839 -0.9882907 0
5.294755E-05 1.226527 -0.002952855 1

-0.9987195 0.01890692 -0.04692141 0
0.01697193 -0.7485395 -0.6628733 0
-0.04765521 -0.6628205 0.7472585 0
-0.16097 0.4942266 -0.2040705 1

-0.9951466 -0.02833558 -0.09424361 0
0.007428581 -0.976549 0.2151711 0
-0.0981306 0.2134297 0.9720207 0
0.1098937 0.5501687 0.27294 1

1 6.357302E-08 -0.0001973988 0
0.0001973988 -9.37781E-07 0.9999999 0
6.338791E-08 -0.9999999 -9.377936E-07 0
-0.1695734 0.5711145 0.01507455 1

1 6.357303E-08 -0.0001973988 0
0.0001973987 -9.37781E-07 0.9999997 0
6.338792E-08 -0.9999999 -9.377933E-07 0
0.150205 0.5711143 0.01501144 1

1 -7.105427E-15 -0.0001973988 0
-0.0001973988 3.339599E-07 -0.9999999 0
6.593039E-11 0.9999999 3.339599E-07 0
-0.5255793 1.416213 -0.1677925 1

1 4.860979E-22 -0.0001973988 0
-0.0001973988 3.3396E-07 -0.9999999 0
6.59233E-11 0.9999999 3.3396E-07 0
0.5173905 1.416213 -0.1679984 1

0.8814613 -0.3924305 -0.2627248 0
-0.3768465 -0.9197779 0.10952 0
-0.2846277 0.002469389 -0.958635 0
-0.2706985 1.432663 -0.05618361 1

0.9394172 0.1460959 0.3100849 0
0.3278451 -0.6470457 -0.6883675 0
0.1000714 0.7483233 -0.6557422 0
0.2584978 1.433115 -0.05619355 1

1 -2.95574E-07 1.012246E-06 0
1.344124E-07 0.9878122 0.1556482 0
-1.045919E-06 -0.1556483 0.9878129 0
5.297828E-05 1.508567 0.04059178 1

-0.995127 -0.03309029 -0.09288257 0
-0.005151238 -0.9232708 0.3841131 0
-0.098466 0.3827215 0.918601 0
-0.1526531 0.127419 -0.528899 1

-0.9985573 0.02793476 0.04587614 0
0.03434173 -0.3246743 0.9452038 0
0.04129832 0.9454151 0.3232498 0
0.1135346 0.07153524 0.3784014 1

0.5441127 -0.7286504 -0.4159438 0
0.1169945 -0.4250179 0.8975923 0
-0.8308148 -0.5370543 -0.1460097 0
-0.3777109 1.171476 -0.02508343 1

0.9173009 -0.1152185 0.3811625 0
-0.1036603 -0.993315 -0.05079401 0
0.3844669 0.007081865 -0.9231118 0
0.3567959 1.239112 -0.2625869 1

-0.9999907 -0.004079944 0.001876117 0
-0.004168348 0.998749 -0.04981731 0
-0.001670519 -0.04982436 -0.9987572 0
5.299086E-05 1.602322 0.05536448 1

0.9951269 0.03309278 0.09288474 0
-0.08496967 -0.1901385 0.9780721 0
0.05002812 -0.9811994 -0.1864015 0
-0.1533189 0.008090117 -0.479254 1

0.9985578 -0.02792833 -0.04587348 0
0.05110748 0.2316907 0.9714495 0
-0.01650228 -0.9723905 0.2327804 0
0.1179731 0.0295726 0.5005645 1

-0.9727722 -0.2203579 -0.07180344 0
-0.1543687 0.3849629 0.9099303 0
-0.1728688 0.8962388 -0.4084982 0
-0.3380999 1.027577 0.2788155 1

-0.08761843 -0.2238447 0.9706786 0
0.654918 -0.7471758 -0.1131875 0
0.7506044 0.625797 0.2120663 0
0.3221844 0.9074484 -0.2795466 1

-0.5344636 -0.8075663 0.2493669 0
0.04087185 0.2700016 0.9619919 0
-0.8442022 0.5243415 -0.1112996 0
-0.3204217 1.045789 0.3170744 1

0.4555082 0.7012458 0.5484211 0
0.5005158 -0.7111886 0.4936531 0
0.7362036 0.04963053 -0.6749374 0
-0.314344 1.020598 0.3152338 1

-0.9897013 -0.1429659 -0.007164739 0
-0.0465638 0.2742077 0.9605424 0
-0.1353604 0.9509833 -0.2780411 0
-0.3376254 1.046163 0.3177099 1

-0.9701259 -0.2098484 -0.1217322 0
-0.1779423 0.2744347 0.9449983 0
-0.164899 0.938428 -0.3035774 0
-0.3525767 1.042606 0.3149255 1

-0.9453219 -0.2121077 -0.2477418 0
-0.2921395 0.2130253 0.9323489 0
-0.1449832 0.9537445 -0.2633429 0
-0.3663794 1.037107 0.3105782 1

-0.4926165 -0.3058736 -0.8147219 0
0.5041108 -0.863422 0.01935005 0
-0.7093681 -0.4011777 0.5795298 0
0.3439478 0.8714068 -0.2612355 1

-0.7418029 0.4313454 -0.5134885 0
-0.5130162 -0.8581402 0.02025601 0
-0.431908 0.2784536 0.8578578 0
0.3186919 0.8662302 -0.2644407 1

-0.1801767 -0.1830763 0.9664469 0
0.5350492 -0.842696 -0.05988393 0
0.825385 0.5063066 0.249789 0
0.3498846 0.8745071 -0.277099 1

-0.08016319 -0.2741171 0.9583494 0
0.572394 -0.7997795 -0.1808824 0
0.8160517 0.5340532 0.2210159 0
0.3505744 0.8794739 -0.2917852 1

-0.03544308 -0.3871469 0.9213367 0
0.5489892 -0.7778979 -0.305755 0
0.8350786 0.4949668 0.2401106 0
0.3487176 0.8853145 -0.3061076 1

-0.9764538 -0.1246586 0.1760603 0
0.06965756 -0.9546149 -0.2895799 0
0.2041688 -0.2704974 0.9408221 0
-0.317576 1.064588 0.3840543 1

0.3566396 0.8007147 0.4813139 0
0.2988466 -0.585899 0.7532675 0
0.8851544 -0.1248058 -0.448246 0
-0.2934501 0.9909095 0.3358412 1

-0.991141 -0.1219197 0.05267062 0
0.07735518 -0.8523199 -0.5172679 0
0.1079575 -0.508611 0.8542015 0
-0.3408005 1.06486 0.3832065 1

-0.9664244 -0.2084093 -0.1502957 0
0.2567145 -0.7581108 -0.5994703 0
0.01099447 -0.6179254 0.7861593 0
-0.3649967 1.061761 0.3808842 1

-0.8814979 -0.1897407 -0.4323877 0
0.4546537 -0.5882813 -0.6687412 0
-0.1274783 -0.7860801 0.604836 0
-0.3882321 1.053041 0.3803201 1

-0.277689 -0.2044077 0.9386731 0
-0.9570687 -0.02568465 -0.2887241 0
0.08312659 -0.9785487 -0.1885001 0
0.3790471 0.8112901 -0.2598881 1

-0.8186498 0.3003359 -0.489502 0
-0.2412699 -0.9533481 -0.1814286 0
-0.5211557 -0.0304244 0.85292 0
0.2972762 0.8304077 -0.2635952 1

-0.2207335 -0.1347515 0.9659808 0
-0.9578518 0.216635 -0.1886556 0
-0.183844 -0.9669083 -0.1768907 0
0.3863679 0.8170462 -0.2811823 1

-0.07040729 -0.2991886 0.9515929 0
-0.9594504 0.2813381 0.01746661 0
-0.2729455 -0.9117757 -0.3068651 0
0.3905243 0.8236541 -0.3044097 1

0.03443649 -0.5317651 0.8461915 0
-0.8975469 0.3559493 0.2602128 0
-0.439574 -0.7684571 -0.4650264 0
0.3897833 0.8271261 -0.3289788 1

-0.9874509 -0.1372205 0.07816763 0
-0.05685691 -0.1528757 -0.9866083 0
0.1473329 -0.9786714 0.1431556 0
-0.3144386 1.021592 0.3710116 1

-0.99943 -0.01090196 0.03193704 0
-0.03342064 0.1885069 -0.9815033 0
0.004679916 -0.9820108 -0.188764 0
-0.3369683 1.022636 0.3575806 1

-0.9955294 -0.08353309 -0.04408206 0
0.02493174 0.2177541 -0.9756851 0
0.09110102 -0.9724215 -0.2146981 0
-0.3534916 1.027785 0.3540179 1

-0.8934353 -0.1542334 -0.4218823 0
0.4360927 -0.5229758 -0.7323382 0
-0.1076832 -0.8382761 0.5345059 0
-0.375558 1.036642 0.361678 1

-0.2887958 -0.2164415 0.9326044 0
-0.9553 0.1295025 -0.2657684 0
-0.06325158 -0.9676682 -0.2441665 0
0.3359326 0.8101331 -0.2728947 1

-0.3145383 -0.1784318 0.9323241 0
-0.1981006 0.9728873 0.1193619 0
-0.9283448 -0.1471503 -0.3413575 0
0.3389072 0.8277802 -0.29053 1

-0.2240999 -0.2416438 0.944133 0
-0.1934296 0.9605282 0.1999279 0
-0.9551784 -0.1378197 -0.2619953 0
0.3475249 0.8362626 -0.303627 1

-0.004338397 -0.5349101 0.8448979 0
-0.8563116 0.4383357 0.2731164 0
-0.5164424 -0.7223107 -0.4599515 0
0.364763 0.8370488 -0.3217249 1

-1 -3.252962E-08 3.240275E-07 0
1.812077E-08 0.9878951 0.1551236 0
-3.251334E-07 0.1551236 -0.9878953 0
9.059859E-05 0.90653 -0.05505497 1

1 0 -0.0001973988 0
0.0001973988 1.589326E-08 0.9999999 0
3.137311E-12 -0.9999999 1.589326E-08 0
-0.007582991 0.01479519 -0.01921961 1

-1 8.525667E-08 3.42392E-07 0
1.366261E-07 0.9882297 0.1529767 0
-3.253081E-07 0.1529767 -0.9882299 0
9.060139E-05 1.082282 -0.02745761 1

-0.9784639 0.1727906 -0.1129231 0
-0.1223694 -0.9261276 -0.3568106 0
-0.1662345 -0.3353074 0.9273254 0
-0.1151939 0.9191487 -0.01293079 1

-0.9969521 -0.03509318 -0.06968851 0
-0.01265276 -0.8086141 0.5882037 0
-0.07699329 0.5872941 0.8057079 0
0.1154926 0.9222398 -0.01311498 1

1 -8.742277E-08 -0.0001973988 0
-0.0001973988 7.152951E-08 -0.9999999 0
8.74369E-08 0.9999999 7.151225E-08 0
-0.2054287 0.09999517 -0.1084414 1

1 -8.742276E-08 -0.0001973988 0
-0.0001973987 7.15295E-08 -0.9999997 0
8.743689E-08 0.9999999 7.151225E-08 0
0.1857751 0.09999526 -0.1085186 1

1 -8.742277E-08 -0.0001973988 0
-0.0001973988 7.152951E-08 -0.9999999 0
8.74369E-08 0.9999999 7.151225E-08 0
-0.7915425 1.217759 -0.02686207 1

1 -8.742277E-08 -0.0001973988 0
-0.0001973988 7.152951E-08 -0.9999999 0
8.74369E-08 0.9999999 7.151225E-08 0
0.7744371 1.216488 -0.02409659 1

-1 1.650812E-07 -3.69022E-07 0
1.068329E-07 0.9882904 0.1525838 0
3.899186E-07 0.1525839 -0.9882907 0
9.062327E-05 1.239401 -0.003135825 1

-0.9946505 0.04030998 -0.09510701 0
0.03743011 -0.7174957 -0.6955565 0
-0.09627652 -0.6953955 0.7121471 0
-0.1710673 0.4962823 -0.1758492 1

-0.9956714 -0.02304538 -0.09004955 0
0.006049095 -0.9827904 0.1846299 0
-0.09275483 0.1832888 0.9786767 0
0.1096837 0.5510018 0.2569317 1

1 6.357302E-08 -0.0001973988 0
0.0001973988 -9.37781E-07 0.9999999 0
6.338791E-08 -0.9999999 -9.377936E-07 0
-0.1703542 0.5808014 0.01579107 1

1 6.357303E-08 -0.0001973988 0
0.0001973987 -9.37781E-07 0.9999997 0
6.338792E-08 -0.9999999 -9.377933E-07 0
0.1494242 0.5808012 0.01572796 1

1 -7.105427E-15 -0.0001973988 0
-0.0001973988 3.339599E-07 -0.9999999 0
6.593039E-11 0.9999999 3.339599E-07 0
-0.5263601 1.4259 -0.167076 1

1 4.860979E-22 -0.0001973988 0
-0.0001973988 3.3396E-07 -0.9999999 0
6.59233E-11 0.9999999 3.3396E-07 0
0.5166098 1.4259 -0.1672818 1

0.8808625 -0.3816743 -0.2800119 0
-0.3627851 -0.9242922 0.1186202 0
-0.3040872 -0.002903972 -0.9526398 0
-0.2706608 1.445537 -0.05636657 1

0.9342856 0.1473056 0.3246728 0
0.3331983 -0.6847578 -0.6481403 0
0.1268476 0.7137281 -0.688841 0
0.2585355 1.445989 -0.05637652 1

1 -2.95574E-07 1.012246E-06 0
1.344124E-07 0.9878122 0.1556482 0
-1.045919E-06 -0.1556483 0.9878129 0
9.065401E-05 1.521441 0.04040881 1

-0.9931251 -0.03633732 -0.1112741 0
0.004883634 -0.9626319 0.2707673 0
-0.1169547 0.2683639 0.9561907 0
-0.1527254 0.1446871 -0.5166935 1

-0.9979934 0.0002790774 0.06333117 0
0.05406062 -0.517148 0.8541882 0
0.03298943 0.8558977 0.5160981 0
0.1126485 0.06930936 0.3474239 1

0.5556037 -0.6922094 -0.4605978 0
0.1062266 -0.4903342 0.8650365 0
-0.8246337 -0.5295449 -0.1989005 0
-0.3736803 1.183068 -0.0226822 1

0.9006262 -0.100529 0.4228089 0
-0.1078616 -0.994144 -0.006616437 0
0.4209982 -0.03964587 -0.9061949 0
0.3584386 1.240678 -0.2507085 1

-0.9999909 -0.003952857 0.001895681 0
-0.004029698 0.9990916 -0.04240638 0
-0.001726334 -0.04241338 -0.999099 0
9.066658E-05 1.615195 0.05518151 1

0.993125 0.03633943 0.1112767 0
-0.09376714 -0.3221059 0.9420469 0
0.07007629 -0.9460058 -0.3164848 0
-0.1520942 0.02027085 -0.481698 1

0.9979936 -0.0002733004 -0.0633276 0
0.06328785 0.03975769 0.997206 0
0.002245468 -0.9992106 0.03969194 0
0.1196356 0.002470424 0.4578236 1

-0.9633692 -0.2402739 -0.1191178 0
-0.1909729 0.3027959 0.933726 0
-0.1882816 0.9222704 -0.3375899 0
-0.337715 1.017054 0.2701943 1

-0.1501084 -0.1693503 0.9740576 0
0.6574668 -0.7529027 -0.02958058 0
0.7383806 0.6359701 0.2243592 0
0.3224243 0.9087381 -0.2529176 1

-0.5167147 -0.8400748 0.1651667 0
0.006109981 0.189293 0.9819016 0
-0.8561361 0.5083717 -0.09267757 0
-0.3216567 1.03247 0.3103495 1

0.4134019 0.667244 0.6195841 0
0.5018773 -0.7347322 0.4563852 0
0.7597492 0.1222847 -0.6386142 0
-0.3147779 1.007699 0.3066046 1

-0.9843937 -0.169079 -0.04880749 0
-0.08133888 0.1911948 0.9781764 0
-0.1560573 0.9668798 -0.2019635 0
-0.3388749 1.032315 0.3104959 1

-0.9596577 -0.2255401 -0.1678977 0
-0.2121843 0.1891057 0.958758 0
-0.184488 0.955704 -0.2293327 0
-0.35363 1.028594 0.3069767 1

-0.9313178 -0.2165259 -0.2928551 0
-0.3240955 0.1258517 0.937616 0
-0.1661618 0.9681309 -0.187383 0
-0.367136 1.0231 0.3017739 1

-0.4412062 -0.350342 -0.8261953 0
0.4980294 -0.8614519 0.09933408 0
-0.7465286 -0.3676426 0.5545584 0
0.3428202 0.8737531 -0.2312844 1

-0.696614 0.4075562 -0.5904469 0
-0.5319157 -0.8456622 0.0438389 0
-0.4814519 0.3446063 0.8058854 0
0.3177963 0.8684283 -0.2357992 1

-0.2420291 -0.1287986 0.9616824 0
0.5340312 -0.845199 0.0212028 0
0.8100826 0.5186999 0.2733451 0
0.3497667 0.8759596 -0.2468853 1

-0.1421078 -0.220238 0.9650391 0
0.5791786 -0.8091222 -0.0993678 0
0.8027195 0.5448088 0.2425397 0
0.3514102 0.8801 -0.2617509 1

-0.09562796 -0.3351938 0.9372836 0
0.5638525 -0.7942095 -0.2264994 0
0.8203212 0.5068299 0.2649485 0
0.3504932 0.8851355 -0.2764646 1

-0.9676614 -0.2029334 0.1498329 0
0.1349607 -0.9183102 -0.3721441 0
0.2131136 -0.3398877 0.9160016 0
-0.3212313 1.045649 0.3787157 1

0.3143024 0.7690952 0.5565126 0
0.2868223 -0.6357564 0.7166212 0
0.9049574 -0.06561524 -0.4204134 0
-0.2938272 0.9770281 0.3256563 1

-0.9882059 -0.1526428 0.01223978 0
0.1173338 -0.8061229 -0.5799988 0
0.09839938 -0.5717217 0.8145257 0
-0.3444212 1.045351 0.3771948 1

-0.9551686 -0.2216355 -0.1962945 0
0.2959976 -0.7008543 -0.6489908 0
0.00626543 -0.6779975 0.7350374 0
-0.36844 1.041793 0.3738958 1

-0.862829 -0.1775874 -0.4732751 0
0.490424 -0.5210093 -0.6985944 0
-0.1225193 -0.8348725 0.5366352 0
-0.3913791 1.032514 0.3719098 1

-0.3441553 -0.1596412 0.9252419 0
-0.933805 -0.04445835 -0.3550111 0
0.0978089 -0.9861735 -0.1337734 0
0.3774962 0.8137735 -0.2243681 1

-0.7777305 0.2798723 -0.5628566 0
-0.2495864 -0.9592956 -0.1321293 0
-0.5769256 0.03772027 0.8159258 0
0.2955917 0.8331268 -0.2339692 1

-0.2819284 -0.08013579 0.9560832 0
-0.9422042 0.2111403 -0.2601385 0
-0.1810216 -0.9741654 -0.1350308 0
0.3861806 0.818328 -0.2454396 1

-0.1321808 -0.2455508 0.9603296 0
-0.9561419 0.2870646 -0.05820343 0
-0.2613851 -0.9259046 -0.2727258 0
0.3918337 0.8236281 -0.2686861 1

-0.02235489 -0.4838245 0.8748797 0
-0.9087632 0.3745905 0.183935 0
-0.4167142 -0.7909461 -0.4480558 0
0.3926706 0.8257269 -0.2934073 1

-0.9769346 -0.2072933 0.05126978 0
-0.03741709 -0.07020582 -0.9968306 0
0.2102356 -0.9757561 0.06083008 0
-0.3151526 1.004289 0.3619542 1

-0.9991788 -0.04052401 -6.741234E-05 0
-0.01059806 0.2629164 -0.9647606 0
0.03911368 -0.9639671 -0.2631299 0
-0.3386084 1.005416 0.3484612 1

-0.9909624 -0.1062969 -0.08182592 0
0.04737064 0.2933899 -0.9548185 0
0.1255012 -0.9500647 -0.2857033 0
-0.3551743 1.010383 0.3448101 1

-0.8760725 -0.1433547 -0.4603768 0
0.4718624 -0.4513462 -0.7573858 0
-0.09921467 -0.8807589 0.4630558 0
-0.3777079 1.01799 0.3524354 1

-0.3547806 -0.1720114 0.9189906 0
-0.9339048 0.1116721 -0.339636 0
-0.04420472 -0.9787447 -0.2002616 0
0.3354296 0.8117707 -0.2403608 1

-0.373812 -0.1249503 0.9190497 0
-0.1945985 0.9793954 0.05400423 0
-0.9068614 -0.1586583 -0.3904248 0
0.3394952 0.8287897 -0.2583292 1

-0.2846153 -0.1873624 0.9401538 0
-0.1949843 0.9715288 0.1345873 0
-0.9386036 -0.1450098 -0.3130445 0
0.3489826 0.8364933 -0.2712946 1

-0.06100208 -0.4868356 0.871361 0
-0.8676909 0.4573539 0.194782 0
-0.4933476 -0.7441896 -0.4503224 0
0.3673376 0.8361692 -0.2882798 1

-1 -3.252962E-08 3.240275E-07 0
1.812077E-08 0.9878951 0.1551236 0
-3.251334E-07 0.1551236 -0.9878953 0
0.0001030751 0.9228884 -0.05502852 1

1 0 -0.0001973988 0
0.0001973988 1.589326E-08 0.9999999 0
3.137311E-12 -0.9999999 1.589326E-08 0
-0.008263456 0.02739291 -0.01679899 1

-1 8.525667E-08 3.42392E-07 0
1.366261E-07 0.9882297 0.1529767 0
-3.253081E-07 0.1529767 -0.9882299 0
0.0001030788 1.09864 -0.02743116 1

-0.9693675 0.1947636 -0.1496447 0
-0.1517441 -0.9539794 -0.2586444 0
-0.1931322 -0.2280134 0.9543095 0
-0.1151814 0.9355072 -0.01290434 1

-0.9974043 -0.03146334 -0.06477825 0
-0.009296301 -0.835732 0.5490592 0
-0.0714127 0.5482376 0.8332725 0
0.1155051 0.9385983 -0.01308853 1

1 -8.742277E-08 -0.0001973988 0
-0.0001973988 7.152951E-08 -0.9999999 0
8.74369E-08 0.9999999 7.151225E-08 0
-0.2061092 0.1125929 -0.1060208 1

1 -8.742276E-08 -0.0001973988 0
-0.0001973987 7.15295E-08 -0.9999997 0
8.743689E-08 0.9999999 7.151225E-08 0
0.1850946 0.112593 -0.106098 1

1 -8.742277E-08 -0.0001973988 0
-0.0001973988 7.152951E-08 -0.9999999 0
8.74369E-08 0.9999999 7.151225E-08 0
-0.792223 1.230356 -0.02444145 1

1 -8.742277E-08 -0.0001973988 0
-0.0001973988 7.152951E-08 -0.9999999 0
8.74369E-08 0.9999999 7.151225E-08 0
0.7737566 1.229086 -0.02167597 1

-1 1.650812E-07 -3.69022E-07 0
1.068329E-07 0.9882904 0.1525838 0
3.899186E-07 0.1525839 -0.9882907 0
0.0001031002 1.255759 -0.003109371 1

-0.9899486 0.04947764 -0.1324897 0
0.06480121 -0.6739939 -0.7358884 0
-0.1257071 -0.7370778 0.6640118 0
-0.1844672 0.4999236 -0.1310004 1

-0.9957792 -0.02093362 -0.08937045 0
0.01038453 -0.9930891 0.116909 0
-0.09120028 0.1154904 0.989116 0
0.1112371 0.5549104 0.2389868 1

1 6.357302E-08 -0.0001973988 0
0.0001973988 -9.37781E-07 0.9999999 0
6.338791E-08 -0.9999999 -9.377936E-07 0
-0.1710346 0.5933991 0.01821169 1

1 6.357303E-08 -0.0001973988 0
0.0001973987 -9.37781E-07 0.9999997 0
6.338792E-08 -0.9999999 -9.377933E-07 0
0.1487438 0.5933989 0.01814858 1

1 -7.105427E-15 -0.0001973988 0
-0.0001973988 3.339599E-07 -0.9999999 0
6.593039E-11 0.9999999 3.339599E-07 0
-0.5270406 1.438497 -0.1646554 1

1 4.860979E-22 -0.0001973988 0
-0.0001973988 3.3396E-07 -0.9999999 0
6.59233E-11 0.9999999 3.3396E-07 0
0.5159293 1.438497 -0.1648612 1

0.8786858 -0.3636073 -0.3093565 0
-0.3372926 -0.9314182 0.1367244 0
-0.3378545 -0.01579403 -0.941066 0
-0.2706484 1.461895 -0.05634012 1

0.9231123 0.1525402 0.3529814 0
0.3400026 -0.752569 -0.5639486 0
0.1796181 0.6406021 -0.7465696 0
0.2585479 1.462347 -0.05635006 1

1 -2.95574E-07 1.012246E-06 0
1.344124E-07 0.9878122 0.1556482 0
-1.045919E-06 -0.1556483 0.9878129 0
0.00010313 1.537799 0.04043527 1

-0.9901916 -0.04244095 -0.1331132 0
0.02363571 -0.9898982 0.1397929 0
-0.1377012 0.1352765 0.981191 0
-0.1527125 0.1696457 -0.4916086 1

-0.9983803 -0.0002009131 0.05690607 0
0.0477016 -0.5482366 0.8349628 0
0.03102975 0.8363246 0.5473613 0
0.1163269 0.06817018 0.2962871 1

0.5713015 -0.6313404 -0.5244272 0
0.08855789 -0.5878199 0.8041302 0
-0.8159489 -0.5058426 -0.2799121 0
-0.3664288 1.197402 -0.01751476 1

0.8686348 -0.06250287 0.4914951 0
-0.1086205 -0.9919012 0.06582934 0
0.4834002 -0.110568 -0.8683888 0
0.3604912 1.236704 -0.2254389 1

-0.9999917 -0.003718245 0.00193146 0
-0.003772122 0.9995807 -0.02868211 0
-0.001824005 -0.02868892 -0.999587 0
0.000103144 1.631554 0.05520797 1

0.9901914 0.04244268 0.1331162 0
-0.09743756 -0.4730583 0.8756247 0
0.1001355 -0.8800082 -0.4642829 0
-0.1496577 0.04170537 -0.4735409 1

0.9983805 0.0002066221 -0.05690255 0
0.05686302 0.03359608 0.9978195 0
0.002118075 -0.9994367 0.03352673 0
0.1224921 -0.002686823 0.4042021 1

-0.9453895 -0.2577362 -0.1995285 0
-0.2479436 0.1713022 0.953509 0
-0.2115739 0.9509087 -0.2258514 0
-0.3364456 0.9983834 0.2547405 1

-0.2525114 -0.08184845 0.964126 0
0.6582212 -0.7448686 0.1091579 0
0.7092133 0.6621715 0.2419622 0
0.3242235 0.9055135 -0.2034586 1

-0.4873262 -0.8727538 0.02852938 0
-0.04866631 0.05976585 0.9970253 0
-0.8718631 0.4844877 -0.07159913 0
-0.3229903 1.009009 0.2973316 1

0.3453021 0.5982437 0.7230982 0
0.5000689 -0.7692848 0.3976574 0
0.794165 0.2242871 -0.5647987 0
-0.3148814 0.9852058 0.2908055 1

-0.9727737 -0.1971312 -0.1218663 0
-0.1358404 0.05894025 0.9889761 0
-0.187775 0.9786036 -0.08411378 0
-0.3401733 1.008207 0.2965501 1

-0.9400041 -0.2366431 -0.24575 0
-0.2654051 0.05462046 0.9625886 0
-0.2143668 0.9700598 -0.1141497 0
-0.3545709 1.00444 0.2918106 1

-0.9061786 -0.2103861 -0.3668496 0
-0.3733593 -0.009384348 0.9276396 0
-0.1986049 0.9775732 -0.07004572 0
-0.3675655 0.9991816 0.2852418 1

-0.3502479 -0.429019 -0.832628 0
0.486175 -0.8430791 0.2298932 0
-0.8006003 -0.3242834 0.503865 0
0.342266 0.8728758 -0.1766782 1

-0.6207722 0.3479113 -0.7025665 0
-0.5475231 -0.8337824 0.07088935 0
-0.5611247 0.4286771 0.7080784 0
0.3178734 0.8668757 -0.1833061 1

-0.3426674 -0.04364839 0.9384422 0
0.5302501 -0.8335809 0.154847 0
0.7755091 0.55067 0.3087854 0
0.3508277 0.8737353 -0.1915935 1

-0.2435071 -0.1332497 0.9607021 0
0.5878958 -0.8080932 0.03692982 0
0.7714164 0.5737852 0.2751133 0
0.354035 0.8765264 -0.2065185 1

-0.1941358 -0.2497103 0.9486602 0
0.5861458 -0.8049722 -0.09193808 0
0.7866035 0.5382044 0.3026406 0
0.3546785 0.880193 -0.2216457 1

-0.9436934 -0.3190297 0.08754033 0
0.2396752 -0.841716 -0.4838068 0
0.2280328 -0.4355839 0.8707854 0
-0.3263787 1.01317 0.3667508 1

0.2465266 0.703927 0.6661166 0
0.2647764 -0.710102 0.6524171 0
0.9322655 0.01553404 -0.3614424 0
-0.2940062 0.9530924 0.3074056 1

-0.9803015 -0.1882566 -0.05974146 0
0.1794599 -0.7226753 -0.6674836 0
0.0824844 -0.665056 0.742224 0
-0.3494359 1.012226 0.3639855 1

-0.934283 -0.228898 -0.2733528 0
0.3565297 -0.603313 -0.7133725 0
-0.001627922 -0.7639496 0.6452739 0
-0.3730955 1.008252 0.358997 1

-0.8305565 -0.146452 -0.5373339 0
0.5450265 -0.4121786 -0.7301061 0
-0.1145525 -0.8992553 0.422158 0
-0.3954937 0.9984796 0.3546315 1

-0.4513163 -0.09467547 0.8873277 0
-0.8833764 -0.09337464 -0.4592691 0
0.1263352 -0.9911191 -0.04149281 0
0.3761166 0.8141756 -0.1606715 1

-0.7065404 0.2241956 -0.6712209 0
-0.2495299 -0.9664961 -0.06016132 0
-0.6622209 0.124983 0.7388121 0
0.2950173 0.8320701 -0.1803469 1

-0.3814389 0.004355685 0.9243836 0
-0.9087549 0.1814 -0.3758444 0
-0.1693206 -0.9833997 -0.06523474 0
0.3869838 0.8168958 -0.181035 1

-0.233229 -0.1586279 0.9593961 0
-0.9436783 0.2750281 -0.1839343 0
-0.2346841 -0.9482598 -0.2138382 0
0.3950669 0.8201263 -0.2039409 1

-0.1150934 -0.4025247 0.908145 0
-0.9216734 0.3842593 0.05351059 0
-0.3705027 -0.8308541 -0.415222 0
0.3985235 0.8199794 -0.2285229 1

-0.9503248 -0.311073 -0.01079868 0
-0.007378873 0.05719933 -0.998335 0
0.3111725 -0.9486629 -0.05665329 0
-0.3155837 0.9752591 0.3449601 1

-0.9953802 -0.0758332 -0.05889077 0
0.02592308 0.3783195 -0.9253121 0
0.09244888 -0.9225634 -0.3746059 0
-0.3405454 0.9764239 0.3309178 1

-0.9804191 -0.1298949 -0.1480089 0
0.08287304 0.4096509 -0.9084704 0
0.1786377 -0.9029468 -0.3908648 0
-0.357117 0.9812137 0.3270259 1

-0.8458046 -0.1145814 -0.5210431 0
0.5265475 -0.3363774 -0.7807677 0
-0.0858059 -0.9347305 0.3448423 0
-0.3803003 0.9869896 0.3342787 1

-0.460943 -0.1077359 0.8808659 0
-0.8874049 0.06343661 -0.4566058 0
-0.006686673 -0.9921532 -0.1248463 0
0.3363217 0.8099692 -0.1813609 1

-0.4690498 -0.04395544 0.8820773 0
-0.1932612 0.9796628 -0.05394946 0
-0.8617678 -0.1957763 -0.4680056 0
0.3419558 0.8258841 -0.1996578 1

-0.3825189 -0.1029786 0.9181905 0
-0.2019442 0.9790608 0.02567531 0
-0.9016091 -0.175602 -0.395305 0
0.3527743 0.8324521 -0.2121843 1

-0.1531737 -0.4060755 0.9009109 0
-0.8816673 0.4679117 0.06100423 0
-0.4463194 -0.7849591 -0.4296953 0
0.3728307 0.8306912 -0.2270312 1

-1 -3.252962E-08 3.240275E-07 0
1.812077E-08 0.9878951 0.1551236 0
-3.251334E-07 0.1551236 -0.9878953 0
7.725507E-05 0.9408044 -0.05502696 1

1 0 -0.0001973988 0
0.0001973988 1.589326E-08 0.9999999 0
3.137311E-12 -0.9999999 1.589326E-08 0
-0.008065864 0.04123376 -0.01418869 1

-1 8.525667E-08 3.42392E-07 0
1.366261E-07 0.9882297 0.1529767 0
-3.253081E-07 0.1529767 -0.9882299 0
7.72588E-05 1.116557 -0.0274296 1

-0.9661711 0.1957473 -0.1679174 0
-0.1729825 -0.9747773 -0.1410182 0
-0.1912857 -0.1072008 0.9756612 0
-0.1152072 0.9534231 -0.01290278 1

-0.9977664 -0.03527065 -0.05674178 0
0.003001841 -0.8721033 0.4893134 0
-0.06674328 0.4880514 0.8702637 0
0.1154793 0.9565142 -0.01308696 1

1 -8.742277E-08 -0.0001973988 0
-0.0001973988 7.152951E-08 -0.9999999 0
8.74369E-08 0.9999999 7.151225E-08 0
-0.2059116 0.1264337 -0.1034105 1

1 -8.742276E-08 -0.0001973988 0
-0.0001973987 7.15295E-08 -0.9999997 0
8.743689E-08 0.9999999 7.151225E-08 0
0.1852922 0.1264338 -0.1034877 1

1 -8.742277E-08 -0.0001973988 0
-0.0001973988 7.152951E-08 -0.9999999 0
8.74369E-08 0.9999999 7.151225E-08 0
-0.7920254 1.244197 -0.02183115 1

1 -8.742277E-08 -0.0001973988 0
-0.0001973988 7.152951E-08 -0.9999999 0
8.74369E-08 0.9999999 7.151225E-08 0
0.7739542 1.242927 -0.01906567 1

-1 1.650812E-07 -3.69022E-07 0
1.068329E-07 0.9882904 0.1525838 0
3.899186E-07 0.1525839 -0.9882907 0
7.728022E-05 1.273675 -0.003107809 1

-0.9879832 0.04629605 -0.1474636 0
0.08496685 -0.6342991 -0.7684033 0
-0.12911 -0.7717 0.6227422 0
-0.1941904 0.5083434 -0.07729118 1

-0.9959177 -0.02405209 -0.08701111 0
0.02074024 -0.999034 0.03876775 0
-0.08785957 0.03680773 0.9954559 0
0.1168574 0.5561281 0.2115588 1

1 6.357302E-08 -0.0001973988 0
0.0001973988 -9.37781E-07 0.9999999 0
6.338791E-08 -0.9999999 -9.377936E-07 0
-0.170837 0.60724 0.02082198 1

1 6.357303E-08 -0.0001973988 0
0.0001973987 -9.37781E-07 0.9999997 0
6.338792E-08 -0.9999999 -9.377933E-07 0
0.1489414 0.6072398 0.02075888 1

1 -7.105427E-15 -0.0001973988 0
-0.0001973988 3.339599E-07 -0.9999999 0
6.593039E-11 0.9999999 3.339599E-07 0
-0.526843 1.452338 -0.1620451 1

1 4.860979E-22 -0.0001973988 0
-0.0001973988 3.3396E-07 -0.9999999 0
6.59233E-11 0.9999999 3.3396E-07 0
0.5161269 1.452338 -0.1622509 1

0.875366 -0.3362074 -0.3474182 0
-0.2971237 -0.9409975 0.1619908 0
-0.3813823 -0.03857496 -0.9236124 0
-0.2706742 1.479811 -0.05633856 1

0.9060661 0.1606983 0.3914347 0
0.3377026 -0.8320184 -0.4401161 0
0.254955 0.5309625 -0.8081317 0
0.2585222 1.480263 -0.0563485 1

1 -2.95574E-07 1.012246E-06 0
1.344124E-07 0.9878122 0.1556482 0
-1.045919E-06 -0.1556483 0.9878129 0
7.731095E-05 1.555715 0.04043683 1

-0.9880426 -0.04433407 -0.1476686 0
0.04261189 -0.9989817 0.01480668 0
-0.1481744 0.008337526 0.9889244 0
-0.152554 0.1975171 -0.4538326 1

-0.9985569 -0.006596097 0.05331143 0
0.04705045 -0.5862651 0.8087533 0
0.02591956 0.8100941 0.5857325 0
0.1270228 0.06647414 0.2305599 1

0.591304 -0.5493249 -0.5904248 0
0.05795588 -0.7012906 0.7105158 0
-0.8043637 -0.4543492 -0.3828394 0
-0.3550479 1.212598 -0.01033834 1

0.8200233 -0.002940014 0.5723232 0
-0.1015453 -0.9848687 0.1404347 0
0.5632504 -0.1732762 -0.8079137 0
0.3597758 1.230799 -0.1883085 1

-0.9999929 -0.003395023 0.001980177 0
-0.003414569 0.9999439 -0.009951458 0
-0.001946283 -0.009957896 -0.9999488 0
7.732399E-05 1.64947 0.05520953 1

0.9880424 0.04433521 0.1476719 0
-0.09007454 -0.6113509 0.7862149 0
0.1251362 -0.7901162 -0.6000468 0
-0.1470466 0.068403 -0.4519189 1

0.9985573 0.006601599 -0.05330804 0
0.05309069 0.02954434 0.9981558 0
0.008164511 -0.9995431 0.02914821 0
0.1331038 -0.009297922 0.3350875 1

-0.9152747 -0.2515612 -0.3146265 0
-0.3260052 0.003771722 0.9453605 0
-0.2366292 0.9678336 -0.08546261 0
-0.3354257 0.9751613 0.2302218 1

-0.3810911 0.004699186 0.9245257 0
0.6506739 -0.7090427 0.2718128 0
0.656806 0.7051497 0.2671522 0
0.3258705 0.9019562 -0.141418 1

-0.4483627 -0.8807185 -0.1526603 0
-0.1257277 -0.106952 0.9862827 0
-0.8849654 0.4614055 -0.06277768 0
-0.3256844 0.979049 0.2749201 1

0.2506594 0.4845431 0.8380858 0
0.4870834 -0.8112839 0.3233686 0
0.8366122 0.3271623 -0.439369 0
-0.3160483 0.95692 0.2653091 1

-0.9510869 -0.2054946 -0.2306644 0
-0.2119303 -0.1092393 0.9711605 0
-0.2247657 0.9725419 0.06034543 0
-0.3427075 0.9778352 0.2726276 1

-0.9074016 -0.2229774 -0.3562356 0
-0.3388332 -0.1133108 0.9339982 0
-0.2486258 0.9682152 0.02726597 0
-0.3565263 0.9744406 0.266189 1

-0.8658292 -0.1760499 -0.468344 0
-0.4408844 -0.1741149 0.8805141 0
-0.23656 0.96886 0.07313595 0
-0.3687437 0.969922 0.2578237 1

-0.2244379 -0.5194131 -0.824523 0
0.4655158 -0.8004708 0.3775465 0
-0.8561095 -0.2990928 0.4214508 0
0.3406627 0.8726908 -0.1092827 1

-0.5140718 0.2602517 -0.8173125 0
-0.5526424 -0.8292195 0.08355616 0
-0.6559861 0.4946347 0.5701043 0
0.3175284 0.8652891 -0.1184995 1

-0.4675535 0.0372821 0.8831782 0
0.5193053 -0.7969393 0.3085611 0
0.7153437 0.6029077 0.3532509 0
0.3511761 0.8723634 -0.1229162 1

-0.3707493 -0.04647382 0.9275694 0
0.5921309 -0.7812572 0.1975312 0
0.7154906 0.6224769 0.317169 0
0.3563523 0.873784 -0.1374771 1

-0.3180388 -0.1619029 0.9341515 0
0.6080555 -0.7908062 0.06995796 0
0.7274069 0.5902651 0.3499528 0
0.3590011 0.8759733 -0.1526719 1

-0.8948814 -0.4452192 -0.03110083 0
0.3769793 -0.7167387 -0.5866615 0
0.2389019 -0.5367167 0.8092349 0
-0.3344384 0.9716024 0.3435913 1

0.1540617 0.595721 0.7882777 0
0.2260223 -0.7978958 0.5588162 0
0.9618624 0.09207647 -0.2575712 0
-0.2957152 0.9230533 0.2788081 1

-0.9637785 -0.206407 -0.1689001 0
0.26115 -0.6017823 -0.7547573 0
0.05414606 -0.7715271 0.6338882 0
-0.3571584 0.9703865 0.3388482 1

-0.8999147 -0.2104914 -0.3818996 0
0.4356706 -0.4713084 -0.7668504 0
-0.0185772 -0.8564817 0.5158425 0
-0.3801761 0.9665318 0.3313798 1

-0.7801244 -0.08310737 -0.6200799 0
0.6160685 -0.274618 -0.7382717 0
-0.1089296 -0.957955 0.2654365 0
-0.401723 0.956898 0.3236884 1

-0.5799531 -0.04523284 0.8133934 0
-0.7970653 -0.1748294 -0.5780333 0
0.168351 -0.9835588 0.06533913 0
0.3730748 0.8169572 -0.0829956 1

-0.6035209 0.1394078 -0.7850659 0
-0.2391121 -0.9709246 0.01140591 0
-0.7606503 0.1946022 0.6193075 0
0.2944586 0.8306738 -0.1150116 1

-0.5044823 0.08303518 0.8594202 0
-0.8509271 0.1209134 -0.5111788 0
-0.1463615 -0.989184 0.009658223 0
0.3865859 0.8180224 -0.1018764 1

-0.3600216 -0.07130963 0.9302146 0
-0.9130883 0.2315482 -0.3356427 0
-0.1914552 -0.9702064 -0.1484744 0
0.3976797 0.8192569 -0.1236905 1

-0.2320951 -0.3152794 0.9201798 0
-0.9251556 0.3636792 -0.1087433 0
-0.300366 -0.8765477 -0.3760906 0
0.404485 0.8168192 -0.1474389 1

-0.897374 -0.4225684 -0.1271052 0
0.03865302 0.2116623 -0.9765781 0
0.4395747 -0.8812685 -0.1736066 0
-0.3174593 0.9393204 0.3171681 1

-0.9837252 -0.0959006 -0.1519477 0
0.08099265 0.5182025 -0.8514146 0
0.1603907 -0.8498638 -0.5020016 0
-0.3442208 0.940574 0.301457 1

-0.9596716 -0.133765 -0.2472609 0
0.1360974 0.548538 -0.8249748 0
0.2459846 -0.8253559 -0.5082113 0
-0.3606507 0.9454092 0.2970122 1

-0.7978919 -0.0546951 -0.6003141 0
0.5983776 -0.1922861 -0.7777988 0
-0.07289051 -0.9798135 0.1861523 0
-0.3845492 0.9492426 0.303108 1

-0.587961 -0.05924389 0.8067173 0
-0.8073402 -0.01872261 -0.5897898 0
0.05004502 -0.9980678 -0.03682198 0
0.3371681 0.8090816 -0.1090351 1

-0.5848379 0.02886231 0.8106368 0
-0.1937294 0.9654755 -0.1741423 0
-0.7876768 -0.2588892 -0.5590553 0
0.3444232 0.8240137 -0.1272048 1

-0.5030204 -0.02326418 0.8639613 0
-0.212819 0.972192 -0.09773012 0
-0.8376632 -0.2330275 -0.4939833 0
0.3567582 0.8296342 -0.1387329 1

-0.2687958 -0.3204993 0.9083111 0
-0.8875846 0.4486701 -0.1043478 0
-0.3740892 -0.8342509 -0.405071 0
0.3786951 0.8269573 -0.1504702 1

-1 -3.252962E-08 3.240275E-07 0
1.812077E-08 0.9878951 0.1551236 0
-3.251334E-07 0.1551236 -0.9878953 0
7.939152E-05 0.9565588 -0.05506695 1

1 0 -0.0001973988 0
0.0001973988 1.589326E-08 0.9999999 0
3.137311E-12 -0.9999999 1.589326E-08 0
-0.008135641 0.05465004 -0.00967664 1

-1 8.525667E-08 3.42392E-07 0
1.366261E-07 0.9882297 0.1529767 0
-3.253081E-07 0.1529767 -0.9882299 0
7.939432E-05 1.132311 -0.02746959 1

-0.9608007 0.1973523 -0.1947146 0
-0.2069051 -0.9779073 0.02979833 0
-0.1845318 0.06891753 0.9804059 0
-0.1152051 0.9691776 -0.01294278 1

-0.9980945 -0.04213801 -0.04509256 0
0.01949995 -0.9085242 0.4173775 0
-0.05855531 0.4157039 0.9076173 0
0.1154814 0.9722687 -0.01312696 1

1 -8.742277E-08 -0.0001973988 0
-0.0001973988 7.152951E-08 -0.9999999 0
8.74369E-08 0.9999999 7.151225E-08 0
-0.2059813 0.13985 -0.09889845 1

1 -8.742276E-08 -0.0001973988 0
-0.0001973987 7.15295E-08 -0.9999997 0
8.743689E-08 0.9999999 7.151225E-08 0
0.1852224 0.1398501 -0.09897565 1

1 -8.742277E-08 -0.0001973988 0
-0.0001973988 7.152951E-08 -0.9999999 0
8.74369E-08 0.9999999 7.151225E-08 0
-0.7920952 1.257614 -0.0173191 1

1 -8.742277E-08 -0.0001973988 0
-0.0001973988 7.152951E-08 -0.9999999 0
8.74369E-08 0.9999999 7.151225E-08 0
0.7738845 1.256343 -0.01455362 1

-1 1.650812E-07 -3.69022E-07 0
1.068329E-07 0.9882904 0.1525838 0
3.899186E-07 0.1525839 -0.9882907 0
7.941574E-05 1.28943 -0.003147805 1

-0.9860225 0.03221025 -0.1634685 0
0.1167769 -0.5662026 -0.8159507 0
-0.1188384 -0.8236365 0.5545266 0
-0.2096772 0.5226688 0.0006630337 1

